     .00151669979,
     .00000000000,
    -.00201821327,
    -.00372529030,
    -.00422465801,
    -.00294589996,
     .00000000000,
     .00370442867,
     .00668835640,
     .00744402409,
     .00510966778,
     .00000000000,
    -.00627505779,
    -.01123738289,
    -.01243472099,
    -.00850665569,
     .00000000000,
     .01045787334,
     .01882004738,
     .02099990845,
     .01454496384,
     .00000000000,
    -.01861894131,
    -.03455758095,
    -.04017388821,
    -.02939617634,
     .00000000000,
     .04509747028,
     .09805762768,
     .14791011810,
     .18343973160,
     .19630825520,
     .18343973160,
     .14791011810,
     .09805762768,
     .04509747028,
     .00000000000,
    -.02939617634,
    -.04017388821,
    -.03455758095,
    -.01861894131,
     .00000000000,
     .01454496384,
     .02099990845,
     .01882004738,
     .01045787334,
     .00000000000,
    -.00850665569,
    -.01243472099,
    -.01123738289,
    -.00627505779,
     .00000000000,
     .00510966778,
     .00744402409,
     .00668835640,
     .00370442867,
     .00000000000,
    -.00294589996,
    -.00422465801,
    -.00372529030,
    -.00201821327,
     .00000000000,
     .00151669979
